system
X01_01 -3887.1311242716 6.70436 6.20384 6.86773 1.02915e-06 0.172534 2.36326e-06 281.3644300000
X01_02 0 0 0
X02_01 -5022.2087299828 13.2917 4.08227 5.64851 7.87211e-07 6.01436e-06 2.75516e-06 306.4887700000
X02_02 0 0 0
X03_01 -3640.6756620440 6.69018 6.69019 8.90385 2.88075e-06 1.63256e-06 3.05671e-07 398.5231100000
X03_02 0 0 0
X04_01 -1290.7650315055 5.04016 5.04016 5.04016 1.68714e-05 1.68714e-05 1.68714e-05 128.0363200000
X04_02 0 0 0
X05_01 -4691.9030742429 8.39118 6.03422 11.2554 1.21287e-06 0.58014 9.39193e-07 464.2018100000
X05_02 0 0 0
X06_01 -4131.6646547252 7.43733 9.5293 6.79847 2.61712e-07 2.31041e-06 5.57453e-06 481.8247200000
X06_02 0 0 0
X07_01 -4138.1696004805 5.79353 5.79353 5.79353 2.40544e-06 2.40544e-06 2.40544e-06 194.4601100000
X07_02 0 0 0
X08_01 -5883.9376304611 6.84468 6.82287 8.89201 1.5748e-06 2.12331e-06 8.79156e-07 415.2596700000
X08_02 0 0 0
X09_01 -7866.1112996545 12.7359 9.48916 3.84905 2.71232e-07 1.05933e-06 2.99091e-06 465.1697500000
X09_02 0 0 0
X10_01 -3468.2003297439 4.94978 7.30156 7.33571 0.221526 0.304389 0.220454 242.9007000000
X10_02 0 0 0
X11_01 -3671.8930367917 3.81369 8.84098 7.03174 2.06586e-05 0.185122 1.71296e-05 232.9896600000
X11_02 0 0 0
X12_01 -2224.4981923216 6.04657 6.04657 6.04657 0.333333 0.333333 0.333333 170.1790800000
X12_02 0 0 0
X13_01 -4321.3378929850 7.48742 5.43969 9.75783 4.08769e-06 0.465018 1.87229e-06 351.8443300000
X13_02 0 0 0
X14_01 -3379.0100545178 8.10685 5.95852 8.80514 1.53333e-06 0.564238 1.54993e-06 351.1582000000
X14_02 0 0 0
X15_01 -8404.3195828542 6.58097 7.53482 6.10646 3.97774e-07 5.90179e-06 2.74739e-07 302.7976600000
X15_02 0 0 0
X16_01 -4202.2233739222 5.25124 5.99027 5.3859 3.71457e-06 0.427859 5.70416e-06 153.1301800000
X16_02 0 0 0
X17_01 -2470.9165260930 9.41277 5.68513 3.83842 9.02881e-06 0 0 205.4047800000
X17_02 0 0 0
X18_01 -8638.5047450021 8.18102 12.7568 6.88922 4.89063e-08 8.15069e-06 4.27121e-06 718.9868000000
X18_02 0 0 0
X19_01 -8021.8610607464 9.69131 9.69131 7.01334 7.70259e-07 7.45575e-07 0.499998 570.4535300000
X19_02 0 0 0
X20_01 -8021.8610607464 9.69131 9.69131 7.01334 7.70259e-07 7.45575e-07 0.499998 570.4535300000
X20_02 0 0 0
X21_01 -11287.0253001266 9.3847 9.3847 8.18427 2.19375e-06 1.91009e-06 0.5 624.2395300000
X21_02 0 0 0
X22_01 -8462.6868823734 12.0709 12.2262 3.85109 2.08034e-06 0.589752 5.29327e-07 458.9930700000
X22_02 0 0 0
X23_01 -2417.3749733693 5.53584 5.53584 4.71149 6.4235e-06 3.39455e-06 5.98391e-06 144.3858300000
X23_02 0 0 0
